SplashKit Animation

f: 0, 0, 8, 1
f: 1, 1, 8, 2
f: 2, 2, 8, 3
f: 3, 3, 8, 4
f: 4, 4, 8, 5
f: 5, 5, 8, 0
i:idle,0

f: 10, 6, 2, 11
f: 11, 7, 4, 12
f: 12, 8, 7, 13
f: 13, 9, 9, 14
f: 14, 10, 6, 15
f: 15, 11, 2,
i:eat,10

f: 20, 12, 5, 21
f: 21, 13, 10, 22
f: 22, 14, 15, 23
f: 23, 15, 25, 24
f: 24, 16, 10, 25
f: 25, 17, 5,
i:hurt,20

f: 30, 18, 7, 31
f: 31, 19, 7, 32
f: 32, 20, 7, 33
f: 33, 21, 7, 34
f: 34, 22, 7, 35
f: 35, 23, 7,
i:stunned,30

f: 40, 24, 4, 41
f: 41, 25, 4, 42
f: 42, 26, 4, 43
f: 43, 27, 4, 44
f: 44, 28, 4, 45
f: 45, 29, 4,
i:boost,40